

200 196 1
30939 25307
-22849 -77488
49860 50421
45282 -62842
-41764 -65863
-24644 17277
-31025 -46991
36976 26636
27713 -17980
-15142 32569
75911 -32931
16097 -36149
-55508 28130
11534 9078
-48187 9018
18625 -43296
-28755 -48798
-56744 7174
34058 24008
45766 24486
-14153 26457
-51031 -38462
-69675 5924
6211 -4712
-15000 -50089
30263 47425
14977 -1877
-24356 -32648
42522 58873
-70657 8626
7319 -7734
77178 -9015
34044 6788
-18370 12276
25644 24645
33008 -53572
85806 67022
-41584 25761
6550 -20736
5581 -37741
-5205 87581
23258 40329
10255 50191
-26676 18793
-81728 -42073
-5833 42423
18067 -15555
-24415 30569
-602 -69546
1653 55206
-31540 55171
2016 914
-40222 -3024
42527 54663
61086 -32111
-30541 -9300
256 75160
-8063 13817
35763 18533
42952 -9229
-38065 40323
-72854 65056
-82259 8553
31405 -43943
36760 49922
-22065 -10906
32727 -15819
-5630 -21591
-20949 -39232
13719 10782
-41230 18661
-48709 21836
-77713 -15957
-64503 -69729
-35588 -56097
5757 31441
41045 23708
18033 86223
-29824 -16670
12306 -6835
-39428 18462
50346 -35707
-36815 89893
-69491 -13546
13542 9965
28300 24731
17425 19943
13227 47970
-26035 -13781
-68483 -60931
-41291 79997
-33353 -55580
-39740 11764
-65778 3388
44556 -2271
-63561 -68419
12132 -32581
51960 -61648
51801 -114
68446 65933
65986 17266
30543 -15440
-6959 16529
27989 -60115
-50441 -32582
13792 28539
-8587 -48663
-27269 88566
11318 -44723
-24458 609
22126 -34641
65249 -26116
-71100 -50970
30719 24636
22346 -1656
9594 -82559
25445 46423
28908 -46782
-35830 -15203
72877 60578
-17 -55532
-29175 85540
-71275 -28104
-29206 -57121
-21591 13579
52685 -25297
18076 -53726
18180 60025
109 65218
-26403 -52246
18289 -59359
-58308 1675
-27179 43768
-17950 -57639
45266 -57977
-4512 -18389
-60754 -33469
-18766 -1186
-49713 4959
39325 -4273
21888 54004
8910 4063
-14999 -82377
64487 -7564
-21234 224
-26747 -24124
54843 -834
-28883 6315
18035 13294
-43314 -18878
-52909 22174
-69316 15310
57226 -14197
14571 -45982
-57486 -52769
-51924 6635
-2485 -6943
4581 12239
-27075 -36752
49023 13058
-38612 -30569
-55813 29021
-23367 331
13448 -25530
10543 65163
-74645 -49557
11814 18241
-40454 -16562
30160 -35812
-40033 -38951
-46890 -22338
-31653 -6128
19660 -22339
-47212 -40353
25445 58143
9186 -26779
10803 -69954
-53031 23722
-47526 -660
53517 -16641
-15050 18192
-10875 -64956
55726 -33143
34768 20611
10190 -12
-58248 -10058
8742 15047
-17506 -64564
-24222 -78466
15115 46769
49765 35755
2760 13752
7024 86461
37449 43002
32982 -91548
56456 82920
81164 -35567
44680 67122
-26116 46274
-40757 -26759

200 61 55
32952 19181
17481 78936
36375 64347
49307 43723
50016 81858
76723 74541
800 47753
10989 23809
71815 94434
62352 89659
76315 45284
21625 19100
22606 33666
34527 97236
91870 48148
13709 41173
67328 47541
36461 20054
28239 85767
63777 78254
83976 56851
69146 1127
4604 96486
24935 92770
7271 87287
98780 99938
32570 20405
19037 71527
54070 69915
68762 62291
18062 98822
3464 1741
62714 56276
21795 7304
42042 1923
1910 42369
58773 87407
43495 79728
245 68430
72497 7515
72068 71277
23804 4637
8033 42840
92515 62102
29106 77628
40744 47167
92801 60559
65260 55514
16834 87054
79169 75227
88976 81078
17595 64100
68485 77442
43828 68729
62223 16324
92595 34290
3952 16399
55278 11984
75590 47792
90437 4696
25419 31181
68214 18219
91739 33473
90084 24925
20526 69252
151 25853
50330 34098
89953 35166
11539 50132
20246 73761
82807 12840
24402 86759
45590 79679
15094 21180
43822 5531
42227 85592
53063 26792
20162 61153
60265 10245
86077 97142
95848 2580
39347 46177
36677 45651
97694 64567
95782 17939
54679 78588
30779 79080
81698 92720
75110 96792
30251 35283
2322 72477
20874 55384
99269 41035
16536 75885
67631 18965
89378 63478
37896 28724
26007 90924
90726 23700
55490 86507
41639 26520
81447 88769
5599 63144
81488 97060
59935 11739
32342 78608
567 69567
50343 16187
10601 83231
8423 78231
18547 97801
58060 56442
42876 84066
47365 33602
7766 2854
36460 65756
29373 17906
70876 51323
97402 68715
48382 73688
96805 97075
52296 97372
66641 2638
29910 93593
2220 38333
88175 20766
52485 46234
77207 11712
30300 24571
61665 54417
43776 98125
20172 89500
32382 91047
57174 29783
59761 21907
3471 56566
18981 72118
70289 1973
91107 198
95565 93327
54882 83739
14092 23718
29973 7651
35430 76624
48573 13446
31040 92349
11570 67563
98200 60304
58609 55374
90086 34721
77280 9908
7638 12613
82025 94278
14585 73132
94476 10150
66458 65709
10240 96901
89427 40212
20903 41208
33187 69476
54653 64226
61824 82575
31788 60023
42878 6748
31748 49315
57821 9028
59223 81810
21640 57599
76088 52576
30730 86915
62725 13539
68975 72965
26792 58401
29528 47694
15960 62715
17169 86965
43292 95344
85891 91432
71719 28768
14531 3466
94434 88703
28845 70008
70513 50484
27607 46600
3060 74688
49866 82136
4579 18840
71452 47722
93593 980
11767 9552
80046 28936
12868 39689
40631 98758
31120 12349
43877 45651
15815 54663
34353 44659
24670 21217
11495 68628
84168 30906


200 194 2
72967 28415
87910 52776
56458 12004
56527 9120
55468 42118
16171 23429
16562 70778
63851 20776
62628 44787
99421 43203
97640 36503
65291 60084
3116 36610
33404 96145
85645 86184
16352 74964
30951 20614
27739 87408
32617 617
12879 88084
59086 29049
11513 75648
16178 91715
12775 78806
36502 12195
38360 34141
48698 3650
94224 68165
56612 43980
64310 58608
46515 80661
33571 77465
17626 77661
81225 50243
78277 94103
54678 37363
39504 82542
29362 55681
74257 42136
50838 27110
70682 89197
61250 35731
9199 71825
3896 82162
32156 84557
40769 95023
81569 74340
72487 99195
68352 70063
49437 46629
64166 4114
343 20021
3008 46056
75701 77264
4543 26539
4373 75224
32087 81974
10955 41285
70150 31202
23446 18658
32110 80567
13680 13678
71258 2518
29224 39609
72581 95012
2589 53098
15478 19283
73118 18485
65338 65170
95748 69880
8060 16472
61456 40147
98445 88762
97783 84946
36315 37581
3603 68424
18147 17282
98453 5756
36152 27677
61716 8732
39040 64305
78181 54517
83587 51298
73001 65277
16467 85100
35156 24527
1571 12963
81025 16367
1724 78807
1313 54390
32739 21267
39165 50885
54901 37618
72992 91052
81646 34708
16135 20685
99012 94315
75202 98950
45612 48202
64226 78430
33302 15734
19308 51224
45048 332
67591 63124
95491 85255
17513 28229
6521 56678
95466 61421
10647 68457
52472 92292
3164 84958
29328 18527
79272 4529
33829 41235
69083 14406
19665 18736
46491 38972
69959 91539
55656 53901
54662 51146
39155 88526
95726 45676
45203 91191
7096 55849
59648 75920
64492 79163
60877 93820
14042 56501
14700 64222
97735 83782
78627 33751
18869 25118
72723 5180
33008 44730
59080 4021
12227 98235
92546 7952
43910 54101
99143 67357
26301 75142
59628 90793
54304 36857
964 84697
93357 15663
48918 91091
15797 27545
24842 51017
69014 13916
56196 2021
74997 15276
6041 87223
13510 14938
95174 73771
69038 10668
41127 95339
85809 755
2483 56465
53963 3446
41161 47319
35460 90079
54761 67608
33975 79602
18625 2988
9869 74820
21360 84865
90095 43752
72087 19956
58689 83613
93726 27727
94280 51205
39417 80089
68311 41899
36553 22273
61696 94065
69591 97155
84143 24351
64763 34469
20305 83387
53808 30173
74558 75167
31390 81005
35270 19828
960 93959
3440 11038
38037 14072
62242 77453
10512 30552
35703 63416
52824 97398
57480 22414
94552 57975
63116 75666
92443 83420
75404 46251
29945 49962
37769 61334
47318 89391
81161 48277
83349 953
75666 37737

4 2 1
4 9
3 5
7 2
5 5